1,461,510,499,259,395,359,276,108,24,368,-634,-221,29,466,466,453,212,490,329,260,68,-36,1867,-415,526


2,429,510,504,265,396,358,336,-28,116,615,410,479,30,466,469,427,228,488,327,152,-36,-72,1378,-1308,-653


3,422,510,503,263,396,359,240,100,208,711,355,441,31,461,473,382,301,469,323,244,-16,56,1112,825,-1158


4,447,510,494,261,397,359,224,40,40,885,-285,-581,32,468,477,373,292,470,323,236,-4,-32,667,311,-39


5,469,510,483,264,396,359,64,96,172,695,-132,-911,33,473,479,387,295,467,321,224,32,-8,-4,-484,-180


6,470,510,485,265,395,359,300,-36,-52,320,448,151,34,464,479,414,298,466,319,172,-16,-4,479,-242,-262


7,461,510,488,269,395,358,244,144,156,379,357,307,35,476,479,345,288,468,320,204,-24,28,1297,-129,503


8,445,510,498,277,396,358,412,40,12,168,-599,-52,36,495,481,274,279,470,330,256,-32,-148,1112,139,1042


9,442,510,496,279,394,358,324,-8,112,679,-258,-441,37,496,484,307,283,469,331,220,-8,-40,803,-29,427


10,448,510,488,277,393,359,372,-12,52,149,-253,197,38,497,487,329,284,468,324,184,24,60,961,137,222


11,460,510,481,275,394,359,252,20,184,16,-75,-110,39,499,489,331,284,468,321,280,8,-8,527,224,403


12,464,510,475,276,395,359,80,32,124,136,73,-292,40,501,492,339,283,467,321,252,16,28,808,537,-297


13,463,510,477,277,395,358,412,44,0,2,258,658,41,504,491,293,276,468,325,292,12,0,1114,835,464


14,458,510,484,279,395,358,624,124,-20,448,320,87,42,506,489,258,272,475,330,168,40,-84,499,466,370


15,461,510,485,276,396,358,264,32,12,920,218,-265,43,504,489,262,276,475,329,256,48,-8,199,261,565


16,466,510,484,273,394,358,444,36,336,1561,-187,-384,44,503,487,303,279,471,326,288,4,32,-84,-6,189


17,458,510,482,277,390,358,284,-40,80,992,-531,83,45,499,486,352,284,473,321,116,128,-76,-300,-282,280


18,442,510,487,275,390,358,216,88,8,-158,765,-335,46,498,488,370,283,479,314,224,28,-24,725,-232,669


19,430,510,489,275,392,358,68,-172,356,-119,813,-48,47,499,487,370,267,484,314,176,140,-68,935,618,-808


20,416,510,496,277,391,358,412,120,72,262,1365,1119,48,497,486,373,256,487,315,260,-8,-168,2157,834,-673


21,408,510,502,273,393,358,228,-52,16,1169,1386,1808,49,494,486,361,254,487,313,136,-76,-52,2835,563,-1026


22,393,510,502,276,389,358,-132,32,208,2497,833,1681,50,490,487,357,265,482,314,224,-76,-24,2013,839,-130


23,388,510,502,278,389,358,-40,60,-112,1721,511,1248,51,487,487,377,265,483,315,288,4,-12,1197,1229,254


24,392,510,503,273,392,358,492,336,300,1609,-38,1337,52,488,487,386,263,483,312,264,36,-48,1333,704,-837


25,395,510,500,272,390,358,52,12,-328,-282,-1292,202,53,479,485,437,258,486,309,216,-4,-92,1739,366,-88


26,393,510,504,267,399,358,8,-184,264,169,2899,550,54,478,489,468,278,483,310,184,-40,-28,1700,-35,-523


27,380,510,502,273,400,359,636,60,-284,4659,1301,1522,55,478,489,480,284,482,306,348,72,52,2838,742,-731


28,379,510,506,260,407,359,604,252,188,1561,694,2811,56,477,489,473,273,484,305,124,-116,-92,2243,914,-146


29,400,510,493,261,392,359,244,212,-208,4900,83,-547,57,481,489,468,276,483,307,316,-168,-8,1809,955,446


30,418,510,497,257,393,360,148,76,-84,-533,1357,854,58,468,487,500,286,483,304,204,-64,-148,1427,81,241


31,399,510,499,260,386,360,996,-336,-104,-1444,-28,992,59,456,485,503,299,483,300,164,56,-20,-443,281,1125


32,387,510,504,259,383,360,880,-128,-332,926,668,1867,60,459,486,503,301,483,298,304,4,-64,2469,6,1332


33,364,510,509,262,385,359,676,-28,144,631,1398,1694,61,467,482,433,273,483,297,104,20,-136,3223,-717,1601


34,371,510,509,269,381,359,264,32,-880,434,-1616,-830,62,478,479,313,232,491,310,232,-16,-84,2498,-521,2310


35,403,510,509,259,394,360,8,288,-236,-1516,-354,-1693,63,475,479,328,232,488,324,224,-20,-8,1515,-336,1135


36,440,510,502,253,397,360,288,60,188,1030,-818,-988,64,456,476,421,252,485,310,248,-168,-72,598,-1130,1582


37,467,511,497,256,395,360,144,52,148,1819,-1613,-1564,65,441,473,470,253,484,309,268,32,-108,-253,-466,2390


38,478,510,497,261,394,360,320,-52,92,1638,-1845,-949,66,440,470,461,251,483,308,168,-4,-36,-1448,-1186,1609


39,486,510,501,265,393,359,260,-104,172,470,-1517,-1979,67,437,468,472,238,484,311,148,-4,-248,-1836,-1582,1409


40,493,510,505,256,402,360,220,56,68,-1552,-691,-1772,68,434,467,431,246,476,312,100,52,24,-1467,351,-3


41,500,510,499,261,394,360,132,108,40,1790,-1958,-1167,69,430,461,381,262,460,316,640,-20,80,-312,-194,1782


42,504,510,502,262,397,360,24,-52,200,973,-1803,-1836,70,427,467,380,238,472,318,44,32,-192,-508,-3533,2863


43,505,510,501,260,398,360,-8,-32,384,-802,-1445,-1934,71,424,469,379,248,456,322,380,36,72,-1678,-301,1704


44,505,510,506,258,408,360,164,44,196,-2673,-1864,-2237,72,415,464,374,272,449,310,112,44,88,-795,637,328


45,503,510,507,265,408,360,336,-4,32,-2678,-3678,-3238,73,411,466,386,228,472,314,308,-4,-44,-271,-796,2858


46,507,510,508,264,411,360,164,-48,0,-3885,-4025,-2913,74,408,469,316,230,455,325,232,-204,-116,-501,-467,1632


47,506,510,507,264,414,360,-148,212,260,-2594,-3761,-3142,75,403,468,349,230,459,320,160,-160,16,-4389,1227,4270


48,500,510,506,265,414,360,624,552,440,-1631,-2740,-1633,76,397,469,334,251,448,315,232,-32,116,-4414,12,3294


49,499,510,506,263,413,360,348,32,232,1193,-1061,-1607,77,401,470,372,227,466,317,444,252,-36,-54,-1039,1367


50,508,510,502,261,412,360,252,360,272,58,-1203,-995,78,401,475,334,224,468,326,184,96,8,2330,-943,-243


51,509,510,499,264,409,360,260,200,-132,-2314,-2139,-1155,79,396,474,353,217,466,330,-96,-52,-16,-1047,-661,2594


52,509,510,498,264,408,360,-48,-20,120,-2663,-3355,-1173,80,394,476,320,234,453,316,832,-208,4,-4685,2012,1725


53,507,510,505,275,406,360,516,44,-228,-1213,-3993,-738,81,393,471,316,224,470,312,168,272,168,-1890,236,2956


54,508,510,505,277,406,360,680,736,0,-1372,-2307,16,82,393,472,268,220,462,326,388,-104,-12,-54,1346,930


55,508,510,503,270,406,360,436,-220,-112,77,-1327,-846,83,402,468,234,216,469,333,344,-76,8,-1185,264,1416


56,508,510,502,268,419,360,536,-4,-460,-1112,-2135,-794,84,407,470,254,232,480,333,-932,-56,-524,-2204,-1238,2271


57,508,510,492,268,420,359,72,-28,124,-3715,-1458,914,85,415,478,268,237,483,331,564,-36,-196,-5757,1586,5041


58,502,510,489,263,414,360,504,-156,40,-5648,-2090,2278,86,405,470,289,273,462,313,536,748,452,-2521,2647,-25


59,500,510,495,275,411,360,460,-400,-404,-7240,-1030,791,87,399,468,413,247,470,303,168,220,-340,2239,-2291,16


60,500,510,502,283,414,360,620,488,96,65,561,1724,88,393,471,419,245,463,304,456,-700,-368,1310,327,-1613


61,501,510,502,268,413,360,-272,-276,-76,-2150,1257,2835,89,394,470,392,277,449,300,268,164,-232,-1025,2405,-1293


62,507,510,500,261,406,360,244,-32,196,-1075,202,240,90,392,463,414,267,457,297,-4,120,100,-3010,3382,319


63,510,510,498,259,407,360,180,216,92,-1650,-616,4,91,391,461,418,274,448,295,440,-52,-28,-2707,1860,-198


64,508,510,500,256,407,360,180,84,-680,-553,669,298,92,392,456,443,289,453,288,400,-28,-180,271,618,16


65,507,510,500,262,407,361,208,-108,592,-1737,710,1094,93,400,467,418,266,454,292,460,108,-188,658,-29,-1509


66,501,510,505,265,407,360,532,-468,288,824,1979,2569,94,410,472,349,269,450,294,296,-136,-72,178,1289,-1705


67,488,510,508,258,403,361,408,468,-168,1576,1747,1458,95,430,472,312,269,465,298,512,-40,-240,-258,1435,-552


68,478,510,509,260,404,360,312,108,-152,1356,1845,1668,96,438,470,346,278,467,297,216,-72,-56,1055,235,-1834


69,472,510,508,263,403,361,300,112,48,667,421,1253,97,436,467,419,281,471,295,136,-56,-144,1044,1163,-1665


70,472,510,508,255,403,361,80,-16,132,-147,224,-35,98,433,468,417,294,463,293,208,36,-12,2893,1556,-1543


71,471,510,507,257,400,361,232,144,104,-812,-736,-684,99,434,469,451,286,472,287,232,-76,48,1082,800,-492


72,472,510,501,255,403,361,244,72,144,-662,-710,-467,100,443,479,465,248,487,296,240,-72,-24,1656,117,391


73,453,510,505,261,400,361,172,40,84,145,1979,2101,101,482,483,363,226,487,306,348,-104,64,-281,1429,-1364


74,429,510,509,253,402,361,-92,304,400,2778,2993,1388,102,491,478,305,216,489,310,300,52,104,585,1446,-1773


75,416,510,511,252,398,362,260,216,-8,2468,2200,3176,103,493,475,281,216,488,311,168,12,80,2384,377,-1133


76,388,510,510,265,401,361,0,-24,-148,3690,462,2544,104,494,473,297,188,497,330,156,-12,-196,4695,-68,295


77,364,510,511,257,397,361,672,56,-720,1315,627,3085,105,499,485,365,219,495,333,160,8,4,5906,1316,-2671


78,362,510,511,248,403,362,604,-184,-340,-3170,4698,4465,106,494,487,367,259,485,325,32,-168,92,6557,1663,-3541


79,355,510,510,255,396,363,-232,-420,224,3368,-138,2373,107,489,487,375,269,485,321,52,184,-32,4261,2728,-2730


80,349,510,511,239,400,363,108,456,-608,8272,-936,5236,108,481,482,412,223,495,319,36,520,-528,7544,952,-1394


81,336,510,509,255,394,364,-152,-1012,460,3099,1708,5701,109,477,475,387,280,481,305,376,-328,-240,2799,938,-604


82,348,510,509,257,394,365,168,0,-476,1389,-975,7180,110,477,474,409,259,486,290,12,104,-68,4554,4817,-3401


83,355,510,499,259,396,365,600,-1200,168,11741,-4319,1276,111,479,474,381,259,485,290,548,-732,176,6026,397,285


84,339,510,499,265,395,364,664,-356,-624,5407,-1949,3059,112,484,476,356,254,484,296,100,368,-860,122,2260,1203


85,344,510,502,254,395,364,840,-320,784,2061,-292,1176,113,480,479,395,253,487,295,452,-476,264,3713,445,-294


86,357,510,497,252,392,365,544,356,224,690,-551,633,114,490,479,409,259,480,287,240,192,-36,1203,785,430


87,370,510,492,249,398,365,-40,-256,364,-1083,-1183,243,115,490,484,434,257,483,291,140,76,-152,472,699,2873


88,357,511,502,249,395,364,-4,-144,0,712,-82,-1009,116,471,482,466,272,482,283,388,92,-136,1659,-1048,3007


89,414,510,496,246,392,365,496,28,-96,2542,-2087,154,117,483,480,365,236,488,292,448,-24,20,876,663,3964


90,458,510,494,250,396,365,228,88,44,3160,-2029,-1069,118,483,479,353,222,494,304,280,4,-104,2346,209,2200


91,471,510,495,245,395,366,452,16,188,1450,-1602,-657,119,469,477,417,227,489,311,120,-88,-32,964,-2016,2411


92,492,510,495,245,395,365,128,64,300,160,-1527,-1838,120,444,475,444,228,484,315,432,-64,52,-2650,1217,3189


93,490,510,497,248,396,365,376,-228,132,1044,-926,-1372,121,441,469,456,232,483,306,116,-80,-72,-1798,-1065,1521


94,492,510,497,268,394,364,172,-40,0,1782,-1752,-2600,122,431,462,468,223,480,311,372,36,-132,-3035,93,2863


95,495,510,508,261,400,364,224,52,484,-457,-129,-1228,123,426,457,381,243,460,309,272,-44,60,-1514,1608,702


96,503,510,510,270,407,364,212,-80,112,2653,-3950,-4008,124,416,449,362,218,473,305,52,-52,-56,-2225,-1871,2879


97,507,510,510,261,414,363,4,-20,-8,-2003,-5159,-6542,125,411,458,380,213,476,318,316,-488,-360,-3328,-3441,7193


98,502,510,509,256,427,364,-144,524,-424,-2067,-5507,-6142,126,407,465,343,227,456,312,368,-532,-180,-3416,261,5226


99,497,510,507,268,424,363,524,76,644,-12554,-5770,-3069,127,400,468,442,201,472,317,184,-32,40,-4361,-1499,5326


100,497,510,504,283,419,363,444,-424,-272,-2606,-1864,-242,128,394,474,389,231,449,302,324,-28,16,-6055,1947,1620


101,498,510,504,283,421,363,608,-48,220,-511,149,-1590,129,401,470,304,214,469,298,-28,-16,60,-2568,973,2222


102,507,510,500,282,426,362,132,-292,-556,-494,-1218,-1873,130,400,479,313,205,482,317,396,32,28,213,-1943,1267


103,505,510,497,276,422,362,172,852,488,-7441,-1310,2197,131,397,479,275,270,437,296,224,-208,76,-762,2736,-128


104,502,510,504,282,420,363,1428,-872,316,3533,-4441,-2749,132,393,477,451,215,479,297,144,-348,-156,-4559,206,3134


105,498,510,502,276,419,362,-216,-176,1120,-8007,-495,1206,133,390,473,425,277,449,285,384,-428,-40,-2417,1233,1551


106,501,510,503,280,420,363,364,200,-740,-100,-652,-809,134,390,468,452,198,483,296,212,480,-192,-3820,504,2168


107,504,510,502,276,420,363,588,100,224,-1686,-1916,641,135,392,470,371,250,456,291,832,188,132,962,-104,597


108,502,510,499,274,420,363,440,-276,-180,-3587,-555,-374,136,397,472,345,216,479,291,20,292,-220,3142,-1483,947


109,506,510,497,272,420,363,-36,792,1284,-2287,-3792,21,137,401,482,321,226,468,334,-68,16,-72,293,-272,-290


110,502,510,499,273,417,363,360,-76,332,-3389,-1793,1174,138,402,480,336,229,471,294,96,-8,-396,-435,599,159


111,503,510,496,269,415,363,152,-28,-204,-1787,-373,1486,139,403,478,342,240,464,313,-36,-156,164,-1113,2449,370


112,504,510,493,268,415,363,-44,-28,348,-978,1249,1914,140,410,475,366,236,472,296,200,24,-108,-2941,2455,789


113,503,510,498,264,414,363,52,-88,456,-367,761,492,141,422,470,411,235,481,289,560,-160,-144,-3402,1943,-49


114,496,510,498,269,415,363,344,252,24,161,1392,-27,142,422,469,435,243,481,286,296,-48,20,-759,835,-489


115,492,510,499,269,413,363,292,92,228,-1448,1003,1862,143,421,469,453,248,480,283,216,56,-60,1283,876,-2682


116,474,510,505,276,411,363,96,104,148,-247,1481,-540,144,431,471,476,225,491,303,536,-44,-244,1406,361,-1050


117,461,510,509,275,412,363,240,84,96,-743,2016,1721,145,438,472,365,253,467,305,268,-4,100,-744,1690,-2603


118,456,510,510,269,411,363,216,76,128,708,1048,1225,146,447,469,375,232,481,313,428,-8,-132,-1137,225,371


119,459,510,510,269,411,363,8,232,276,1045,277,-145,147,459,473,318,247,469,318,316,0,124,-110,366,-752


120,454,510,510,267,411,363,348,92,32,-39,489,525,148,455,474,356,264,463,309,244,-12,112,-103,522,-408


121,446,510,510,268,410,363,240,24,248,-608,389,-640,149,446,475,395,263,472,299,236,-48,32,1445,587,-1507


122,435,510,509,275,409,363,424,-180,40,-706,112,247,150,442,474,389,253,474,299,384,-12,-148,3525,-240,-1514


123,421,510,511,273,406,363,268,20,44,720,190,1204,151,450,474,331,241,477,307,128,-16,-88,2340,-1055,-106


124,421,510,511,268,407,364,228,184,96,1493,1538,1584,152,476,477,279,233,471,327,352,4,132,695,267,-314


125,438,510,510,267,400,365,244,112,40,1869,746,288,153,481,475,270,232,471,322,376,64,96,223,484,-546


126,448,510,509,268,401,365,184,164,-36,575,-559,-1327,154,477,475,320,237,478,312,248,-16,8,1082,-142,164


127,448,510,507,265,402,365,360,40,-48,-848,-54,-303,155,473,477,385,223,488,306,216,12,-44,1800,-310,217


128,442,510,502,266,399,365,248,120,48,-249,425,632,156,480,483,425,241,487,306,256,72,-4,-951,309,-508


129,434,510,501,267,399,365,4,-88,156,1421,2091,2284,157,481,482,450,244,486,303,168,92,20,-79,1461,-2280


130,408,510,508,267,396,365,380,-68,152,3542,757,2690,158,481,477,407,223,487,299,120,0,128,2208,1542,-2218


131,392,511,510,265,395,364,320,180,-304,589,925,3171,159,483,476,326,222,489,300,236,12,48,5302,596,-691


132,392,510,510,262,393,364,300,-116,-88,3817,162,1450,160,478,478,309,219,491,306,404,128,-228,5550,-54,-1384


133,390,510,511,257,392,365,-512,472,476,2083,2456,1988,161,476,481,282,235,486,315,160,-32,0,2813,432,-827


134,392,510,511,239,402,366,364,-80,-536,3674,-2058,746,162,470,482,291,232,491,311,404,-12,-212,1531,1174,-261


135,397,510,511,232,403,366,588,-592,184,5254,2845,4032,163,463,481,325,225,496,304,-28,620,-144,-456,-82,-2282


136,392,510,510,238,405,366,76,144,900,-516,2616,2804,164,464,479,328,234,493,304,44,700,404,-783,-798,-1711


137,390,510,509,233,403,366,144,512,392,-3016,-2726,2483,165,470,478,322,242,490,309,104,168,-52,-790,1497,-2187


138,380,510,509,239,400,366,0,-164,-32,5255,-717,3162,166,467,473,327,248,488,305,172,68,80,5011,3852,-263


139,362,510,509,231,396,366,420,-152,16,2918,19,2402,167,463,471,390,234,492,304,-112,112,-112,12887,1808,-3176


140,353,510,509,242,400,366,368,140,-536,2043,-842,1760,168,456,474,352,243,487,309,-96,96,116,1723,393,905


141,358,510,509,247,400,366,-564,128,16,513,-1198,223,169,440,473,403,265,484,305,248,48,-52,240,249,872


142,368,510,509,229,397,366,344,92,272,1630,-1157,-482,170,438,471,441,237,489,302,304,24,20,-72,585,589


143,386,510,505,240,402,366,240,-48,28,1663,-2431,-1870,171,436,471,460,273,479,301,236,-160,80,-765,-1219,2932


144,398,510,505,237,402,366,284,0,292,650,-1742,-740,172,421,474,497,249,485,301,280,-24,-148,-1218,-856,1792


145,405,510,504,242,401,366,88,-8,-232,-610,-358,-1747,173,421,475,497,255,483,299,280,-8,-12,-1327,-735,2255


146,407,510,509,237,400,366,460,120,556,-1881,-1113,-1266,174,420,473,484,270,474,298,372,-44,84,-440,186,2272


147,429,510,502,244,400,366,504,-68,-112,1856,-2048,-1425,175,416,471,468,252,474,300,220,16,-52,728,37,1764


148,458,510,501,244,405,366,108,20,12,347,-1367,-1639,176,407,474,461,219,489,313,136,64,-36,1574,-1509,1751


149,476,510,502,243,410,366,100,-36,188,-789,-5,-848,177,407,474,383,226,475,317,320,-92,76,-36,705,1081


150,501,510,507,246,417,366,248,60,92,1552,-1631,-2713,178,401,466,407,218,484,318,16,84,-148,-516,-1310,1672


151,507,510,508,245,421,366,184,168,4,920,-3082,-3868,179,389,464,361,241,451,305,72,-52,-16,-2257,-972,2747


152,507,510,508,248,425,365,328,0,-44,-2230,-4675,-4761,180,384,462,404,223,465,303,116,180,-252,-4402,-2235,4890


153,491,510,508,246,426,365,184,-440,160,-5429,-4502,-3997,181,382,467,450,215,468,319,432,-168,32,-2936,-300,5972


154,486,511,508,248,422,365,268,308,184,-1348,-4600,-4070,182,383,471,450,231,459,313,328,-292,-364,-1739,1777,3188


155,474,510,504,251,428,365,-72,52,-4,-2192,-701,-204,183,386,464,435,220,474,310,288,548,108,-2097,394,3021


156,470,510,506,252,423,365,588,120,328,-882,-440,1,184,385,463,397,238,461,309,440,40,48,-178,2057,737


157,465,510,505,254,420,365,216,40,-8,862,1250,981,185,384,463,460,219,483,313,-56,100,-52,1999,234,427


158,467,510,504,265,420,365,88,148,124,-2207,-872,520,186,378,471,428,261,481,509,204,24,144,391,1103,-879


159,485,511,507,251,420,365,140,32,204,-2966,-1780,-1002,187,376,463,434,248,484,510,120,-52,-32,-833,1101,-725


160,489,510,506,258,417,365,112,-80,160,-927,-2430,-3105,188,376,458,450,211,488,371,376,4,-60,-3076,418,2333


161,487,510,508,252,418,365,216,92,124,-1879,-2320,36,189,377,461,396,232,474,370,388,124,52,-4462,1947,1603


162,491,510,506,245,418,365,156,-8,-100,355,-1185,-989,190,383,455,424,225,486,383,272,28,-208,-1085,702,1529


163,500,510,497,248,420,365,252,-112,8,-2509,-2612,-888,191,384,461,431,228,487,407,332,60,-52,-1885,433,3251


164,494,510,499,236,421,366,192,200,396,-2442,-53,-231,192,383,462,404,272,470,508,300,36,12,-4520,2299,433


165,482,510,500,241,418,365,240,-68,-4,-1164,-1565,-1537,193,386,461,479,231,490,510,288,88,-52,-5756,2768,3419


166,468,510,499,240,418,365,360,164,72,-2841,-794,832,194,387,462,480,239,486,510,508,-36,-16,-4288,1752,814


167,456,510,500,249,418,365,340,68,-16,-1832,-511,1734,195,393,461,474,264,484,449,320,84,92,-2872,2939,151


168,449,510,506,236,416,365,212,24,124,-1051,117,1332,196,403,460,468,255,490,509,324,-48,-16,434,1380,-1468


169,445,510,507,236,416,365,232,20,136,-1309,802,1309,197,421,462,445,229,498,356,172,112,-40,3119,607,-1228


170,441,510,509,235,413,366,296,60,4,-1985,1202,-596,198,435,465,393,212,499,384,132,-72,-184,1652,192,-1867


171,429,510,510,238,411,365,252,-4,132,-2037,1411,935,199,433,463,432,219,497,386,240,92,-28,496,-1026,-2781


172,430,510,511,241,415,365,184,28,108,-810,1465,1517,200,422,464,465,279,485,512,304,-44,84,-1698,1463,-1330


173,433,510,510,241,412,365,352,-16,-84,514,1773,663,201,413,465,499,277,487,510,296,-84,76,-1063,1144,-549


174,444,510,510,236,414,366,220,304,232,106,244,-866,202,407,465,500,246,495,481,228,-48,-68,356,-711,-1188


175,438,510,508,251,414,365,308,-108,-264,280,-76,80,203,395,456,436,231,491,373,108,-72,140,1240,436,-1956


176,427,510,510,245,411,365,252,136,260,48,588,1395,204,388,458,438,267,472,373,292,-36,24,1779,815,-230


177,431,510,509,240,406,366,276,-44,92,754,-77,-176,205,396,465,465,279,478,408,264,-88,-64,230,-613,928


178,440,510,508,235,407,366,180,96,-36,-1144,-603,-1111,206,398,477,484,276,485,474,340,16,-60,1298,-346,897


179,440,510,508,235,407,366,188,108,220,-1349,313,825,207,427,481,440,279,489,364,248,-44,-8,-949,647,-1014


180,443,510,504,240,402,366,276,80,64,1267,742,1538,208,450,480,409,277,489,368,220,52,4,-269,1053,-157


181,438,510,503,239,400,366,144,72,72,1586,374,417,209,448,479,437,286,490,359,176,56,8,-159,1226,-1361


182,416,510,507,243,405,366,28,188,-96,1011,546,-330,210,443,475,424,282,494,352,164,8,-20,1373,171,-803


183,403,510,510,240,403,365,144,-72,168,-417,874,184,211,440,477,436,261,498,356,220,-12,-72,2851,-333,-598


184,382,510,511,241,404,365,152,8,236,777,1325,858,212,456,478,344,267,496,364,248,0,-44,2021,769,-632


185,367,510,511,236,401,365,312,128,148,2380,1511,2028,213,474,480,309,269,492,365,264,0,52,602,1041,-1121


186,350,510,510,235,401,366,-8,28,176,3391,1077,2399,214,475,482,376,266,493,360,224,12,52,843,766,-1220


187,346,510,510,235,398,366,72,16,-76,3995,913,1574,215,476,481,391,257,497,353,168,4,-12,2673,586,-652


188,350,510,509,234,396,366,260,-12,272,1298,-234,849,216,464,481,449,233,499,355,204,-24,-92,4106,1107,-632


189,348,510,509,233,395,366,800,36,92,-1337,-570,1496,217,461,485,462,253,497,361,184,-24,0,3163,686,-604


190,348,510,509,229,396,366,88,44,-280,1626,154,287,218,460,485,467,257,495,362,348,-60,-28,741,2062,-731


191,352,510,509,231,395,366,168,20,96,3405,160,601,219,458,485,482,250,498,360,164,120,-112,1502,525,-124


192,350,510,509,225,395,366,428,-232,-132,121,-651,2054,220,461,487,479,270,496,361,256,-92,36,912,1816,-378


193,349,510,508,229,396,366,348,100,208,2904,-11,1453,221,468,488,468,271,497,359,192,24,-16,3823,-564,-64


194,352,510,509,236,390,366,440,60,-352,2039,1216,2332,222,475,488,458,267,496,363,164,-4,-44,3619,756,272


195,348,510,508,239,390,366,208,-104,524,1657,333,954,223,466,487,466,252,497,366,224,-60,-204,3747,-257,1153


196,351,510,509,236,395,366,300,132,72,819,321,1411,224,457,487,466,270,495,362,280,12,32,1853,-138,1938


197,351,510,509,236,395,366,428,-36,164,1031,-822,-970,225,440,485,478,265,497,352,236,96,-20,1169,-2,937


198,366,510,509,234,396,366,268,0,76,-400,-2186,-1314,226,431,482,488,239,499,358,260,-20,-144,2706,-569,1569


199,383,510,510,235,399,367,-88,224,212,363,538,-1452,227,428,483,484,238,499,360,284,-64,-76,2008,-388,1853


200,386,510,510,234,404,366,252,12,180,1632,-920,-294,228,426,484,482,279,494,357,312,-56,108,1013,-25,693


201,398,510,509,236,402,366,296,-84,44,1680,-1041,-1120,229,417,484,500,264,498,361,204,64,-80,1051,-874,2614


202,408,510,510,233,402,366,192,-32,284,491,-1039,-671,230,409,484,501,270,495,363,252,-4,-36,439,-770,1471


203,420,510,509,235,402,366,272,-16,336,1226,-455,-1408,231,408,484,503,267,495,367,160,20,-92,69,-863,604


204,435,510,509,233,405,366,204,132,-156,414,-341,-1313,232,403,480,502,270,491,366,164,28,4,-1521,-38,1027


205,457,510,506,234,403,366,344,-56,644,-484,128,-384,233,399,478,504,273,488,364,288,112,68,-469,0,904


206,461,510,502,243,401,366,252,88,92,660,-987,-926,234,398,476,503,258,491,362,192,56,-76,106,-1157,1350


207,462,510,503,246,404,366,164,116,-8,821,-238,-1879,235,396,479,503,247,491,368,152,40,-148,956,-1510,1596


208,473,510,508,237,409,366,356,240,36,-2312,797,222,236,399,476,472,273,477,365,332,-60,36,-1462,362,-792


209,494,510,503,248,405,366,396,-124,-92,2478,-1860,-1805,237,400,470,455,246,490,361,156,32,-224,-932,-2004,1898


210,500,510,508,240,418,365,116,36,192,-568,-753,-1413,238,400,477,395,255,478,498,168,12,32,-1036,-795,356


211,499,510,508,241,417,366,348,92,-20,-3017,-1423,-2351,239,397,468,356,264,474,359,184,40,-184,-3234,596,-528


212,503,510,508,243,420,366,196,-188,280,-2264,-3870,-4652,240,384,470,394,273,461,356,136,-128,36,-2526,-1082,3790


213,500,510,508,247,423,365,-32,-132,-56,-2535,-3985,-5552,241,381,476,480,238,483,365,176,-4,-128,-6746,1237,7669


214,495,510,508,245,417,365,620,512,100,-478,-4614,-3333,242,379,478,443,280,461,361,284,-880,408,-17116,-2220,5477


215,489,510,508,248,418,365,676,-420,-944,-1685,-959,-1184,243,378,475,460,244,481,355,236,284,-356,694,-1360,2441


216,498,510,504,245,422,365,368,256,788,-3553,-1167,-1250,244,385,480,458,248,479,354,740,208,256,-1061,-652,3874


217,505,510,502,244,424,365,240,56,112,-905,75,174,245,386,478,449,239,483,350,64,-88,-24,-791,1333,1378


218,506,510,498,244,426,365,520,-20,208,-1917,-2689,-896,246,387,477,426,235,482,354,236,-56,208,-1072,1005,2207


219,505,510,497,243,428,365,-296,52,-232,-3296,-1640,-285,247,390,481,452,247,475,353,520,72,332,-1533,1198,747


220,504,510,499,242,423,365,452,-404,304,-3264,-2083,99,248,389,478,445,236,479,352,116,236,-180,-3329,892,554


221,504,510,502,242,421,365,-380,-20,156,-1355,-973,-1811,249,389,480,376,242,472,360,528,-116,196,-2093,1408,412


222,504,510,505,255,421,365,196,260,184,-287,-2434,-1167,250,395,477,317,236,478,354,-28,-88,-44,-2646,1046,3110


223,503,510,504,248,418,365,236,-100,328,-2607,-178,-1028,251,397,482,292,249,467,364,140,-20,200,-4139,1537,2718


224,499,510,502,252,425,365,584,56,336,1526,-235,-657,252,396,477,333,306,457,335,184,-264,-48,945,431,941


225,498,510,501,247,420,365,308,376,160,-1922,-883,-836,253,393,482,406,260,475,335,276,420,-160,63,-1000,-101


226,499,510,501,243,420,365,76,-164,68,-973,338,402,254,392,478,363,283,461,328,-84,-36,88,110,740,-2258


227,501,510,501,242,419,365,476,300,336,-919,345,504,255,389,477,424,232,490,342,436,-164,-12,1191,-430,1450


228,503,510,504,239,420,365,504,120,192,-981,-364,1201,256,388,477,350,276,467,334,532,-44,292,-2431,694,-1466


229,499,510,503,240,419,365,40,-52,-160,-1673,61,-211,257,388,474,396,272,480,331,-184,44,-16,-1607,-2223,27


230,498,510,505,240,419,365,1284,-8,416,-4263,-1724,1416,258,386,478,394,269,480,335,196,-68,-192,476,-311,-1040


231,496,510,508,238,415,366,484,204,276,-1786,2005,1527,259,386,477,328,304,450,331,352,-196,268,749,1773,-1943


232,490,510,509,243,417,366,620,168,296,473,1082,1869,260,388,476,405,271,487,335,424,136,-236,615,-537,-101


233,490,510,508,242,418,366,352,192,-132,-908,982,1518,261,392,479,360,269,474,337,236,-12,32,-692,1115,-1143


234,486,510,508,239,416,366,304,96,224,-2004,1747,1655,262,401,478,336,280,476,336,356,24,-80,-191,1296,-1048


235,478,510,507,241,417,366,148,-72,-88,-293,414,101,263,411,478,355,263,489,337,328,36,-24,-370,366,-365


236,473,510,506,242,418,366,312,-164,-104,-18,685,2123,264,440,482,351,246,494,350,172,0,-132,711,187,-437


237,466,511,508,241,417,366,120,48,52,562,1462,1300,265,470,484,313,242,493,358,132,120,-4,-1078,1785,-1905


238,460,510,508,242,413,366,-68,352,348,928,1109,-663,266,484,484,322,258,488,352,320,20,120,-585,1726,-1838


239,454,510,507,239,411,366,284,188,-116,327,-170,-335,267,484,484,410,253,495,344,176,-40,-32,1211,172,-1510


240,438,510,505,239,412,366,176,-84,252,-263,464,1353,268,484,485,446,244,500,345,108,-84,-100,1896,103,-614


241,427,510,507,236,410,367,136,52,56,342,1865,1583,269,481,485,409,239,499,348,216,-4,20,221,1239,-1621


242,413,510,510,236,404,367,56,52,96,3483,2627,2974,270,485,477,370,216,500,350,164,32,-36,1114,1714,-2091


243,388,510,510,236,405,366,192,-312,-108,5590,1327,4093,271,482,475,387,195,500,366,284,88,-212,3178,251,1444


244,362,510,511,232,411,366,-80,124,-152,2181,1990,3067,272,483,479,391,198,497,372,164,88,-68,5153,1108,-2113


245,348,510,511,227,407,366,136,-20,156,-2254,621,1606,273,474,480,364,215,497,371,748,-220,12,7840,-2111,-2817


246,342,510,511,238,402,368,-352,220,24,3601,333,639,274,469,480,325,263,487,366,128,-100,188,4126,4377,-2467


247,342,510,511,249,404,366,1324,1356,380,3301,-2705,1359,275,463,474,351,202,498,376,128,200,-260,4588,-1128,-874


248,348,510,511,238,410,367,312,12,232,-1839,-414,6739,276,470,480,290,247,494,365,348,0,0,509,-316,-209


249,341,510,511,233,406,368,468,736,-328,-795,1727,824,277,476,480,332,265,490,365,272,56,-152,177,149,-542


250,341,510,510,231,410,368,288,320,-196,2602,-151,32,278,465,480,421,255,493,357,216,12,-124,1005,155,1643


251,357,510,510,218,405,368,-12,456,184,1571,711,1318,279,459,485,441,266,490,357,-24,-264,-20,1665,1457,-293


252,361,510,509,231,405,368,496,-160,-544,-86,-1454,3042,280,460,485,407,268,489,355,200,-460,-152,4241,1851,8


253,349,510,510,229,405,368,100,-104,240,5047,-1414,4104,281,458,483,426,261,488,366,-80,44,-96,-637,4414,-1719


254,330,510,510,240,409,367,612,-56,52,3092,-513,1741,282,457,481,402,283,486,352,-132,32,-24,-63,1543,-298


255,333,510,511,236,408,367,232,-84,236,-1877,67,-1440,283,460,477,381,250,494,348,-4,0,-144,2166,-743,-752


256,328,510,510,236,407,366,312,64,264,1218,-1127,-1090,284,469,478,347,266,486,357,536,28,-40,-214,86,2384


257,336,510,510,235,408,367,392,32,-12,1534,-1076,-654,285,466,479,383,250,493,351,516,56,-128,-17,583,1119


258,354,510,509,238,404,366,376,48,-4,349,-2199,-1251,286,464,478,385,258,487,351,304,16,-20,616,-214,2474


259,374,510,509,235,405,367,484,-20,252,376,-1620,-1905,287,441,477,438,247,489,350,32,-24,-116,800,-1773,3032


260,410,510,509,233,404,367,340,-16,116,-2197,-899,-3202,288,424,476,464,236,492,352,296,76,-8,1434,-1931,3691


261,442,510,509,228,413,367,292,180,100,1047,-1159,-2021,289,419,476,429,255,485,354,272,-84,76,-562,-113,2336


262,459,510,503,242,402,367,244,-60,-60,2251,-3421,-2449,290,409,473,469,230,491,355,80,-8,-80,-888,-1169,1295


263,480,510,508,242,408,367,120,132,116,-711,-906,-1925,291,404,471,395,241,482,363,320,20,-36,-1139,78,369


264,494,510,509,243,422,367,296,84,76,79,-2191,-2578,292,410,466,304,249,474,364,120,-60,-100,-1504,-678,1016


265,504,510,509,248,420,367,92,28,112,-1684,-4229,-4880,293,398,469,333,252,471,356,20,-48,-28,-2711,-2743,3886


266,498,511,509,244,427,366,136,176,400,-4249,-1828,-5592,294,388,475,344,247,471,361,744,232,72,-3273,-504,4117


267,497,510,509,258,422,366,344,80,216,-4598,-4977,-2756,295,375,473,313,266,464,358,-128,324,44,-3452,-82,2648


268,500,510,508,254,424,366,44,-16,112,-3252,-4539,-3684,296,376,474,325,249,479,359,376,-428,-100,-2564,-2387,5473


269,495,510,507,256,421,367,492,-236,-124,-1488,-2338,-1235,297,382,483,250,266,453,356,720,304,-112,-2797,3380,2536


270,481,510,508,264,426,366,-184,-108,-52,511,1021,-1788,298,383,479,298,267,467,355,2040,308,-580,2096,-309,5661


271,486,510,509,266,423,366,1080,-96,320,-1972,-120,-1371,299,384,478,270,304,443,331,700,16,-376,459,-426,-1878


272,483,510,509,269,425,366,188,-736,-472,-2856,179,101,300,384,477,344,257,483,395,-92,-204,-180,3408,-113,4931


273,495,510,508,267,426,367,36,-1028,1972,-13521,1530,4170,301,396,485,221,273,455,396,-108,28,132,-318,2225,635


274,491,510,508,255,426,367,288,84,-348,-2,-602,-1439,302,389,479,228,278,458,336,728,16,-16,-3738,2382,2335


275,492,510,508,258,418,366,-140,-88,-244,440,-3066,-1782,303,391,481,390,270,483,327,644,200,-24,-2893,1355,5137


276,491,510,504,266,421,367,564,-296,-696,-3556,-2956,1622,304,392,480,355,301,443,329,820,256,44,-1178,-115,-486


277,483,510,504,256,419,367,-116,200,268,-3089,29,1797,305,395,468,436,316,467,298,228,-160,-100,-919,1703,1062


278,492,510,501,256,420,366,200,-84,-232,-2870,-2601,325,306,395,480,495,239,489,319,412,104,-132,-213,331,-1224


279,492,510,501,256,420,367,168,96,404,-2638,-345,3253,307,393,470,419,325,440,309,92,-24,164,-440,1517,-953


280,494,510,505,253,417,367,492,144,-396,-168,-815,-1677,308,394,470,456,248,486,314,288,252,-208,251,29,-791


281,496,511,506,253,416,367,872,-172,-440,-2010,1247,1590,309,388,470,429,287,461,314,272,-256,44,1463,198,-2542


282,487,510,507,254,416,367,504,60,-148,-1728,173,1255,310,385,464,477,258,476,310,224,8,-24,918,135,-430


283,489,510,507,249,416,367,404,96,76,-768,1109,-505,311,387,472,469,248,478,325,60,92,64,657,-1770,483


284,487,510,507,250,416,367,364,156,180,191,1248,933,312,388,472,410,282,457,316,520,40,-36,-1879,1021,-753


285,487,510,508,248,416,367,120,124,164,378,772,-14,313,389,467,430,263,479,314,124,184,84,107,118,-174


286,487,510,508,254,415,367,400,-8,-8,-617,233,75,314,388,468,411,284,463,320,264,-28,-8,764,325,-502


287,477,510,509,253,417,367,204,88,192,-1305,223,278,315,387,465,430,281,473,315,116,44,-84,251,128,-314


288,471,510,509,252,416,367,132,64,-140,-577,399,11,316,392,472,419,276,472,321,220,-32,24,140,-135,42


289,464,510,509,249,415,367,328,112,16,-250,939,1231,317,394,472,456,275,475,319,208,152,-80,-79,84,-129


290,462,510,509,248,417,367,224,-248,40,-652,1075,1349,318,404,475,478,263,481,324,252,-152,-80,-173,-42,-215


291,461,510,506,247,420,367,376,64,44,-864,302,719,319,445,481,413,243,484,341,172,44,-28,-1379,1105,-459


292,458,510,506,243,418,367,212,184,372,-671,1088,-188,320,462,481,382,250,484,339,220,164,-16,-746,1574,-1923


293,449,510,507,247,412,367,400,8,-64,691,892,749,321,469,479,384,248,487,336,276,-12,20,395,1005,-1459


294,398,510,508,258,411,367,264,100,-40,2437,1068,1645,322,484,479,393,226,496,346,136,12,-56,1657,202,-89


295,392,510,508,253,408,367,204,24,124,-76,472,-102,323,487,484,403,212,498,353,180,40,-92,190,313,-566


296,400,510,507,250,408,367,176,116,156,-2164,141,-96,324,481,484,420,242,492,351,304,-64,60,-59,726,-2614


297,391,510,509,231,407,368,396,-60,276,-286,1126,308,325,483,487,475,261,489,346,296,12,-120,1105,-83,-1945


298,376,510,509,226,406,368,264,-136,20,3117,1281,1788,326,485,488,470,257,493,346,292,-52,-24,2666,618,-587


299,369,510,509,222,408,369,244,240,-300,3892,3336,4670,327,487,488,453,240,495,346,-68,64,-8,3602,1889,-1342


300,344,510,509,228,394,368,-140,136,280,5041,4268,2674,328,481,485,442,221,499,345,264,92,-140,4866,1231,-2210


301,336,510,511,224,396,369,48,-176,-1124,2794,3022,5919,329,476,485,404,238,495,345,560,-140,-20,6433,-413,-2619


302,321,510,511,219,398,369,-216,376,720,4020,831,3387,330,477,486,408,248,491,347,-184,132,-160,6457,3318,-2949


303,317,510,510,229,399,369,-16,-500,716,6924,-968,5143,331,476,486,366,230,493,357,72,52,-412,-1514,3765,-2517


304,317,510,511,216,402,368,764,1188,764,1437,625,3347,332,477,486,362,243,496,347,1024,648,404,5233,-155,-1174


305,327,510,511,230,405,370,-248,-576,-4,572,3017,3827,333,481,483,379,268,489,340,20,556,-28,1633,1595,-743


306,339,510,509,221,400,371,824,-76,-100,-1201,-914,1891,334,478,480,347,258,495,331,-28,-200,-80,5245,-282,3330


307,372,510,509,229,403,371,1000,88,-116,1961,-1772,2842,335,480,482,338,245,496,335,304,-560,-160,5704,519,1528


308,354,510,503,241,397,370,-260,364,-276,515,-1325,3366,336,484,486,342,257,491,343,0,100,-136,3476,1428,3447


309,349,510,509,226,404,369,272,-64,-420,1931,-312,968,337,480,485,405,244,494,348,116,64,-76,1821,592,-490


310,327,510,509,245,396,369,612,80,1284,1396,-1815,-837,338,479,484,376,256,493,343,212,12,-52,2941,-751,1578


311,342,510,509,228,401,370,412,176,584,469,-26,11,339,477,484,408,240,495,341,28,-60,-100,2083,-306,1368


312,345,510,509,230,398,369,388,8,-156,1183,-1838,-2043,340,455,481,459,242,494,338,292,-152,-124,-261,-199,2712


313,364,510,510,227,399,370,420,40,360,712,-895,-651,341,448,480,481,235,495,335,220,48,-48,-401,-586,2713


314,383,510,509,230,395,369,308,4,436,1243,-1978,-2212,342,431,480,495,249,493,334,176,-20,-56,2350,-1171,1654


315,415,510,510,226,400,369,116,20,160,167,-1147,-2326,343,420,482,500,233,493,340,296,44,-224,1716,-1900,1986


316,447,510,509,224,406,371,168,44,212,483,-216,-482,344,417,480,475,273,482,341,304,-128,128,-552,428,1087


317,457,510,505,231,405,370,196,24,-36,2258,-2040,-1861,345,409,478,495,249,487,338,148,-8,-112,866,-1764,2210


318,461,510,508,228,411,370,72,144,116,839,-1319,-1108,346,406,476,422,246,476,349,284,-64,68,-232,-103,1958


319,481,510,508,234,414,369,168,-140,308,726,-2730,-3574,347,403,471,366,220,485,353,332,-48,-76,-239,-99,1537


320,493,510,509,235,425,369,232,112,156,-479,-3078,-3334,348,389,470,378,222,485,352,140,28,-192,-731,-1699,2053


321,492,510,509,240,421,369,132,112,96,-3059,-2977,-4325,349,374,472,338,255,467,344,336,-48,-28,-3605,395,2170


322,485,510,510,239,431,369,68,192,228,-4431,-3180,-6147,350,372,473,406,233,484,340,40,-24,-68,-5217,-3124,5826


323,471,510,509,259,427,369,32,-236,-196,-3861,-3413,-2390,351,372,479,361,267,465,339,376,-132,96,-3106,501,3463


324,475,510,509,263,421,369,452,64,-16,-1562,-2408,-1711,352,371,479,393,257,476,336,20,-92,-56,-6115,-306,4906


325,475,510,508,261,425,368,372,76,696,-1428,-387,-375,353,373,483,427,244,478,338,764,-144,-92,-2183,26,1834


326,480,510,507,257,425,368,40,292,-664,-1067,-354,51,354,375,482,315,270,457,336,428,8,-220,-137,1646,-37


327,481,510,508,260,423,368,348,-20,-288,-999,-1765,-2340,355,378,479,411,220,494,347,1016,36,-948,-2356,555,4090


328,485,510,508,258,423,368,-364,188,92,1337,-1902,-3015,356,377,485,327,263,475,365,620,-360,-136,-1712,2408,3558


329,480,510,507,261,425,368,-124,-148,80,-2808,-81,50,357,375,484,333,269,471,346,552,-184,-324,-2567,2083,923


330,484,510,507,273,421,367,-364,1216,1204,-3198,-3862,-1768,358,379,483,279,261,470,418,-224,-160,-120,-1809,2309,3083


331,481,510,507,266,425,368,1264,-1580,280,-3290,1562,1162,359,400,484,244,241,485,349,-320,-2036,-220,-5912,4241,-3499


332,478,510,507,263,434,367,208,316,1736,1953,407,-1303,360,392,484,418,235,491,359,1616,-128,56,-2242,934,1303


333,476,511,503,277,428,367,2040,380,-688,-1734,-5779,6405,361,379,481,390,311,454,329,8,-12,-312,166,-183,-1410


334,476,510,506,274,427,367,16,-160,-448,96,-3379,-699,362,385,482,460,244,488,336,-548,80,-320,-1190,-1091,-582


335,491,510,506,269,420,367,-856,264,840,-2634,-4119,-1484,363,378,482,448,244,481,344,160,56,-156,3888,-2007,352


336,495,510,501,269,425,367,164,-108,-16,-4541,-692,2683,364,376,485,298,291,457,341,644,-64,184,-403,1649,2187


337,494,510,504,260,422,368,196,228,456,-1870,-2451,-212,365,385,483,290,256,480,471,108,-84,-212,-4086,2845,785


338,490,510,506,260,419,368,140,132,-480,-1339,-266,-741,366,385,483,352,263,481,334,256,72,-156,-4022,1524,2431


339,490,510,506,266,420,367,-228,116,348,-843,1000,-34,367,375,480,317,308,453,322,348,0,60,-2086,2134,-288


340,487,510,506,263,422,367,264,104,-168,-1963,491,468,368,381,479,337,272,481,321,476,92,-116,1621,49,675


341,488,510,506,257,423,367,28,124,-432,-1251,403,323,369,386,481,274,286,460,327,184,148,404,298,917,-1818


342,483,510,508,255,418,368,268,-36,76,-513,1572,283,370,386,478,305,276,475,322,-20,112,-112,-645,433,-860


343,487,510,508,259,419,368,588,-68,464,614,845,-671,371,392,479,421,243,491,339,132,116,-296,31,-2200,320


344,482,510,508,258,420,367,252,-76,132,-935,1833,1507,372,393,480,341,287,465,338,568,-76,80,-1117,2096,-1517


345,474,510,508,258,419,368,360,-28,176,-304,866,1804,373,391,477,431,267,485,330,20,4,8,589,514,143


346,482,510,506,256,420,367,380,184,128,-873,-304,960,374,392,479,400,273,478,338,144,68,72,256,940,-934


347,479,510,507,250,420,368,300,80,120,-982,860,1116,375,389,477,364,296,466,332,220,-16,72,573,1051,-1287


348,475,510,508,258,420,368,408,-112,64,286,300,-541,376,391,477,391,277,481,328,360,-72,-228,614,288,336


349,470,510,509,261,421,367,432,-40,152,43,-283,983,377,390,478,408,279,479,328,268,0,-96,476,-335,460


350,461,510,509,257,421,367,280,4,100,-194,276,533,378,389,480,438,287,477,329,284,-28,-36,120,535,495


351,451,510,509,250,422,368,408,60,212,246,664,385,379,389,477,412,295,471,329,356,-4,-104,27,731,-507


352,451,510,509,250,422,368,376,24,24,1071,296,-388,380,394,476,438,269,488,331,288,-36,-116,1160,-304,523


353,459,510,509,248,424,368,84,16,276,671,-55,-591,381,404,478,419,251,490,338,156,104,-92,776,-358,-242


354,463,511,506,255,421,368,252,-36,44,-373,-672,556,382,405,479,437,257,489,338,332,4,-72,-406,278,-277


355,459,510,502,256,424,367,376,228,-76,-1267,-424,-26,383,417,485,398,286,478,339,316,-88,4,-75,1108,532


356,451,510,508,248,424,370,228,280,592,-755,1562,-897,384,431,487,404,287,478,335,232,0,28,-88,247,-912


357,441,510,506,260,415,369,244,-64,-20,872,508,234,385,434,486,426,283,485,331,100,28,-40,884,-642,-443


358,431,510,506,261,416,368,300,-108,-12,93,-417,908,386,445,487,475,258,495,337,140,8,-188,1755,-67,785


359,418,510,507,254,409,368,332,76,208,-605,1261,1070,387,476,491,433,247,495,348,344,-8,-68,-73,779,-455


360,416,510,509,239,408,369,184,-16,116,1511,2289,2075,388,490,489,367,243,494,353,236,-40,108,-308,1109,-1915


361,411,510,509,247,404,369,228,56,160,2178,949,2120,389,490,487,357,237,496,350,152,12,0,1725,421,-575


362,391,510,509,250,407,368,116,-132,416,2732,1555,2211,390,485,485,354,208,499,348,228,44,-168,3033,337,-601


363,369,510,511,240,405,368,24,248,24,3391,3255,4024,391,483,483,333,206,500,348,368,0,-76,2872,1317,-3130


364,363,510,511,240,406,368,96,76,-84,4748,1490,4294,392,482,482,326,217,499,343,312,0,56,4057,1413,-1937


365,352,510,510,250,404,368,-112,248,20,3130,-1670,2696,393,479,485,339,228,498,358,64,-60,-72,5498,1357,-1001


366,357,510,511,243,416,368,-140,2040,1708,-4545,2652,2139,394,477,485,317,245,497,354,20,-264,88,7843,826,-976


367,339,510,511,232,401,369,-4,56,548,-5899,625,5584,395,478,484,302,254,497,348,600,24,240,4860,3669,-1051


368,333,510,509,239,399,369,184,100,-296,1740,35,291,396,478,483,275,256,496,351,456,-468,-244,4360,-531,2355


369,331,510,509,232,402,369,368,20,108,2613,-1457,2441,397,485,487,313,258,494,360,632,232,-252,446,1034,-1127


370,342,510,509,227,404,370,208,160,-216,3957,-586,2134,398,492,489,342,253,495,350,464,-104,-8,4651,1928,-668


371,347,510,502,237,404,369,640,268,-4,4216,-3880,2246,399,489,490,361,249,495,362,308,28,-16,2037,1214,2598


372,370,510,507,219,406,370,148,76,792,2810,-657,3524,400,488,492,388,252,495,359,308,-64,88,3562,222,208


373,371,510,489,244,407,369,576,28,-940,3447,-3094,756,401,483,490,389,264,495,349,176,32,-20,2585,1491,995


374,376,510,504,228,409,369,608,380,284,801,-311,973,402,461,489,456,249,496,349,192,-164,-216,2157,130,2010


375,357,510,507,234,404,369,180,36,-256,-207,-1297,-3297,403,429,485,475,248,496,335,300,-16,-160,1731,-1542,1399


376,364,510,510,222,407,370,284,36,156,-1771,-160,-1302,404,421,484,487,265,491,335,228,-52,4,-133,-649,3273


377,357,510,509,228,400,369,368,-152,28,1774,-2020,-944,405,416,482,484,262,491,335,300,44,-44,339,-271,2184


378,376,510,510,227,404,368,356,28,200,1856,-1307,-1642,406,414,480,488,238,493,345,400,100,-96,1348,-292,1765


379,398,510,510,226,403,369,164,-4,132,1225,-873,-651,407,403,478,471,254,489,343,248,-92,48,527,125,1314


380,433,510,508,228,402,369,276,8,148,2089,-1921,-2175,408,391,478,491,231,492,351,328,84,12,585,-267,1920


381,453,510,507,225,420,369,72,4,156,389,-808,-1166,409,395,477,467,220,494,356,160,-60,-88,469,-798,1659


382,474,511,507,229,417,369,328,60,244,1435,-2414,-1312,410,394,475,357,266,480,350,424,-76,128,-1195,-377,2372


383,499,511,506,238,418,368,252,116,32,2571,-3749,-4581,411,383,472,417,228,492,354,164,-12,-200,-2004,-1715,2920


384,503,510,508,237,424,368,160,0,148,-2521,-1560,-2665,412,390,470,293,229,485,369,416,-56,8,-1678,525,1874


385,492,510,509,238,421,368,456,160,-16,-3952,-2136,-2797,413,386,469,284,240,477,364,464,104,-44,-2636,504,945


386,483,510,509,251,421,368,280,-228,460,-3410,-2749,-3635,414,373,468,409,248,479,365,-32,116,-132,-1582,-1387,3609


387,488,510,508,255,423,368,8,0,272,-2997,-3117,-3222,415,368,477,427,243,481,510,160,-76,-16,-1444,-352,4377


388,489,510,509,255,420,368,448,-212,176,-1229,-2809,-1521,416,365,477,323,293,450,344,180,-104,288,-1396,635,856


389,500,510,509,255,418,368,928,284,156,-1981,-2324,-2606,417,362,476,414,247,487,515,112,44,-292,-4763,-1659,4277


390,504,510,507,253,422,368,-128,-4,424,-2702,-1945,-1028,418,365,486,265,263,466,351,84,372,-48,-3515,-404,1165


391,502,510,507,250,421,368,20,-20,-40,-2174,-509,-641,419,370,482,212,281,461,406,20,192,328,-3239,833,668


392,500,510,506,248,422,368,196,208,332,-1378,-2095,-1492,420,367,483,240,271,460,368,196,-20,-192,-1692,286,215


393,499,510,506,251,422,368,-188,188,-660,-3118,-1511,254,421,362,482,264,288,458,351,472,-184,-312,134,499,1185


394,501,510,507,249,420,368,200,20,140,-2663,-1284,-1041,422,362,482,354,262,479,385,296,-40,-212,-1807,710,1101


395,500,510,507,248,419,369,212,84,356,-1701,76,-855,423,360,480,361,257,481,511,-156,-44,-96,-2967,66,1182


396,498,510,507,249,418,369,492,-28,168,-639,-342,-265,424,361,481,360,264,475,510,240,-244,-56,-2795,1398,1289


397,495,510,507,248,422,368,356,220,-324,592,1891,1033,425,363,481,378,269,475,510,372,44,-128,-1164,126,77


398,496,510,507,245,420,369,144,-116,432,-1246,529,248,426,364,481,341,272,471,510,668,12,-84,-1029,537,179


399,501,510,508,245,421,369,112,184,-64,-747,-1141,-1379,427,364,478,335,262,475,510,108,160,-96,-1442,966,793


400,500,510,509,245,421,369,600,248,432,-2728,-1898,-1369,428,364,481,307,269,465,510,548,-16,-8,-1717,287,1587


401,499,510,508,250,419,368,252,176,-16,-2649,-2120,-1452,429,362,479,337,271,466,509,264,380,132,-2274,2762,2424


402,498,510,508,250,420,368,340,48,-208,-3376,-1627,24,430,361,478,310,302,436,326,216,20,-172,-2159,1668,1172


403,498,510,508,245,419,369,140,136,0,-1869,-2058,-719,431,361,475,371,276,468,319,184,-140,-220,-689,103,924


404,496,510,507,245,423,368,376,-256,620,-2361,-693,126,432,361,479,406,263,466,369,436,316,-176,-491,-981,659


405,497,510,506,245,422,368,548,116,-800,-2507,-1819,1483,433,363,481,342,276,461,511,504,-108,-68,-725,95,446


406,496,510,508,244,421,369,416,252,56,-1801,-1780,-52,434,361,480,363,279,459,510,340,-92,-148,-661,226,697


407,493,510,509,250,419,369,752,156,200,-2690,1181,529,435,361,478,387,288,453,320,204,36,-12,581,757,2242


408,500,510,508,243,420,369,604,-460,200,-505,1173,893,436,363,478,308,288,451,450,360,96,144,1237,-516,619


409,501,510,505,244,422,368,156,128,140,97,1098,1384,437,367,477,283,291,452,319,128,28,-132,-1094,-209,1174


410,491,510,498,249,431,368,260,208,36,-3085,587,2073,438,415,485,502,239,496,351,372,28,264,-3458,2662,2135


411,478,510,496,245,428,369,276,48,-412,-2117,913,-472,439,480,490,485,264,489,346,276,-60,200,-1857,3586,-2875


412,452,510,500,254,427,369,196,-84,-152,2488,2284,2168,440,494,489,441,254,496,336,272,-4,32,-4188,3880,-1132


413,422,511,506,251,423,369,232,-12,140,1036,509,379,441,491,488,430,242,498,335,284,104,-152,-1333,4260,-1726


414,417,510,506,251,421,368,360,-8,-352,-1515,463,379,442,481,484,455,232,499,335,56,-116,-84,477,69,-1682


415,413,510,508,244,419,370,376,-56,-96,-2428,30,-379,443,454,483,491,231,497,336,92,8,0,976,-1945,-3089


416,411,510,507,251,421,369,272,-196,-204,-700,454,1270,444,439,478,487,216,495,344,104,-120,-152,3801,-2129,-3564


417,419,510,511,240,416,370,240,4,-344,1904,2126,1520,445,446,470,376,228,490,345,312,60,-64,1287,640,-2603


418,432,510,511,265,419,368,416,-152,-172,2759,839,603,446,428,462,320,217,490,368,-196,-100,-44,8971,-608,787


419,445,510,511,243,421,370,48,100,108,634,1270,1663,447,416,477,234,281,462,509,272,12,-28,2014,821,-808


420,437,510,511,243,418,370,120,140,56,2031,304,-516,448,415,471,271,269,476,510,256,120,-140,1199,-605,426


421,437,510,511,241,417,370,204,140,208,296,-594,239,449,406,479,339,282,475,509,468,28,-252,1308,-2490,1792


422,450,510,510,239,412,370,292,8,260,1023,18,-301,450,401,482,366,288,472,398,312,60,-100,1812,-257,-206


423,455,510,510,239,411,370,176,52,44,344,-389,13,451,412,486,334,302,459,335,420,36,24,-859,381,183


424,457,510,509,238,415,370,124,-104,100,401,145,-1358,452,419,486,393,290,483,327,132,80,12,841,-231,46


425,446,510,509,240,411,370,336,-4,272,-369,-352,-480,453,438,487,376,296,479,325,300,-32,108,-398,455,-1038


426,428,510,509,247,412,369,292,100,56,1373,366,-82,454,457,486,424,279,489,332,240,-12,-112,572,679,-699


427,412,510,509,244,407,369,320,-32,192,845,622,1237,455,479,489,384,254,491,345,264,52,-120,448,766,-920


428,392,510,510,240,404,369,216,-32,264,1411,2201,1747,456,487,488,370,237,497,344,256,-40,48,743,1075,-1058


429,380,510,510,237,405,369,420,144,-12,1784,2264,2913,457,486,486,369,229,499,340,184,36,-20,1425,1080,-1252


430,364,510,511,237,404,370,340,604,436,2419,2524,2845,458,485,486,381,226,500,340,136,12,4,3950,1610,-1664


431,353,510,511,237,406,369,732,188,-748,2593,2060,4013,459,480,486,399,226,501,340,168,-36,-12,5809,1990,-2442


432,348,510,511,239,411,369,-72,-44,60,5199,1712,4336,460,473,487,375,229,500,344,328,-112,156,5615,492,-2118


433,350,510,511,240,407,371,-104,-248,236,1815,2933,4566,461,478,491,387,256,496,345,56,40,36,2356,3261,-3979


434,346,510,509,235,403,370,60,-8,432,1806,249,1027,462,476,487,356,251,497,342,236,-228,-64,3361,2030,184


435,345,510,509,238,405,370,84,484,928,4846,-77,4548,463,479,491,376,246,497,349,100,-52,-348,3474,-897,1533


436,343,510,510,239,405,370,304,24,-284,6404,525,6007,464,479,489,390,240,499,346,108,12,-296,3398,-334,-824


437,335,510,509,251,401,369,-168,432,-640,4936,-1814,1332,465,482,488,361,250,496,341,132,-4,32,1062,1412,-431


438,350,510,509,239,404,369,264,332,300,-1322,-874,-1090,466,476,487,388,237,500,342,444,-60,-36,3052,1586,2304


439,365,510,509,228,407,370,500,-12,836,-1380,-231,-2185,467,466,487,463,275,495,343,268,-128,-64,2766,949,1175


440,364,510,509,229,400,371,148,144,-360,1778,-1333,-1278,468,431,485,494,285,491,333,216,-168,-160,958,825,2326


441,372,510,509,227,404,371,456,-76,212,2884,-1910,151,469,417,488,502,258,495,335,216,-32,-88,-130,101,2958


442,375,510,509,229,400,370,200,344,-252,2031,-940,1032,470,415,489,502,267,495,332,232,-4,-160,343,-807,2090


443,389,510,509,225,399,370,360,-16,332,550,539,97,471,415,489,503,262,496,331,224,-44,-76,1352,-904,1183


444,400,510,508,230,399,370,64,-48,448,-544,429,-1146,472,424,488,499,270,494,329,312,4,-40,804,277,2260


445,416,510,509,222,401,371,332,60,292,-438,696,-170,473,434,486,480,262,495,330,160,-80,-68,1572,-271,1573


446,440,510,509,227,399,370,260,100,20,1345,-1703,-1936,474,436,483,457,240,497,339,72,60,-84,1947,-951,1174


447,451,510,509,224,406,370,408,112,172,409,-321,-270,475,443,483,388,252,492,336,288,-80,-76,579,-134,1578


448,471,510,509,225,407,370,332,32,76,640,-1068,-1778,476,437,482,372,252,491,337,256,124,-12,-737,-436,1311


449,483,510,506,230,407,369,52,-156,-164,2224,-1425,-3010,477,426,480,433,217,499,360,1124,80,-172,498,-4119,489


450,484,510,507,229,404,370,296,-40,76,114,575,980,478,420,477,351,281,476,344,336,-108,260,-683,1198,227


451,488,510,506,236,405,369,292,-76,92,1249,-3267,-3493,479,417,474,329,237,494,347,144,196,-280,-76,-2061,2433


452,504,510,509,233,414,369,228,108,-36,-1141,-1639,-2374,480,403,477,265,239,484,375,148,-228,-36,-362,1288,2102


453,504,510,509,238,421,369,520,180,64,-2430,-3112,-4814,481,405,469,266,244,484,360,468,-4,-116,-4107,-1185,3292


454,500,510,510,245,421,369,332,120,252,-3051,-4014,-6225,482,392,472,356,242,482,356,172,260,0,-5347,-3020,5791


455,491,510,510,256,421,368,24,-104,632,431,-5772,-5815,483,381,478,380,254,468,352,812,312,-248,-3793,297,4676


456,480,510,510,256,416,368,-104,104,436,-911,-3559,-2257,484,371,478,403,266,465,341,152,-676,260,-8727,-90,4710


457,491,510,509,257,419,367,64,-332,556,965,-2319,-3993,485,376,480,456,225,489,367,-184,660,180,514,494,4688


458,500,510,506,253,424,367,196,-564,1200,-8168,915,725,486,375,487,372,257,471,345,1496,2036,812,-704,-871,-1382


459,499,510,501,257,430,367,-384,68,-200,79,-3124,-1007,487,378,486,326,266,468,326,112,44,208,3832,849,1244


460,500,510,505,269,425,367,-44,-148,-324,2497,-5133,-4142,488,378,487,332,239,483,355,1828,-136,-176,68,91,1808


461,504,511,501,267,425,367,188,-192,312,-14894,1003,2682,489,382,487,289,252,462,398,-40,20,-60,-1587,6490,5466


462,509,510,504,260,419,368,1064,68,268,1814,-3949,-2042,490,394,489,289,248,486,353,352,-368,100,-2447,700,1057


463,510,511,499,265,426,367,412,-76,-732,6764,-671,-1186,491,395,490,227,286,450,328,-596,500,-372,-1447,629,476


464,507,510,498,260,423,368,1076,420,1040,-4518,-1726,1552,492,387,489,253,270,466,329,-444,-268,-164,1053,1177,-1759


465,508,510,501,258,421,368,-352,-68,660,-613,-1534,234,493,381,485,221,290,438,320,-440,284,404,-2824,989,49


466,507,510,501,256,418,368,780,756,568,-3362,-1683,-396,494,389,489,270,255,480,389,844,-212,-548,-844,434,646


467,502,510,503,266,418,368,948,340,212,-7781,1330,2050,495,381,486,296,297,442,310,-76,-60,336,-2083,3056,1309


468,494,510,507,256,416,368,836,208,252,-148,377,986,496,381,484,302,259,478,323,-108,-1192,-648,11820,-627,-3445


469,494,510,507,260,418,368,140,256,-928,-433,706,839,497,376,482,279,304,434,311,-200,508,292,-1029,501,-2401


470,494,510,507,256,418,368,-152,252,-688,-1254,322,-341,498,380,482,359,249,489,309,840,636,-552,1000,-99,-2132


471,497,510,506,254,417,368,272,-344,964,-1660,-1936,-561,499,374,483,325,265,468,314,328,-464,-256,1285,384,-840


472,504,510,508,254,414,369,-60,164,360,-2056,-2323,-619,500,371,480,333,261,469,313,284,140,-240,922,-1727,223


473,497,510,506,255,415,368,280,108,-684,-1911,-2154,-596,501,367,481,354,266,460,314,276,532,36,-495,-2,3216


474,495,510,506,251,415,369,616,60,16,-930,-1785,-1374,502,369,481,317,275,450,314,624,-348,-136,-2228,1318,2768


475,492,510,505,253,421,368,196,-168,1028,-556,-118,-942,503,367,481,317,277,452,311,940,-64,-256,-2144,422,1836


476,493,510,502,253,420,368,-32,4,572,381,1279,-363,504,366,481,286,272,457,309,244,204,-36,-1201,900,943


477,492,510,502,254,424,368,344,152,212,-86,51,-672,505,372,484,356,245,489,315,500,64,-96,534,-1860,-137


478,494,510,505,259,419,368,664,160,-648,-1297,-716,684,506,370,485,313,287,452,317,264,-68,-112,-1402,1778,469


479,492,510,507,252,418,369,8,44,216,1211,1005,217,507,370,485,326,294,461,312,492,-164,28,-1601,858,497


480,492,511,507,258,415,369,408,356,-476,78,1623,839,508,370,482,341,281,467,310,0,20,48,-4760,633,-235


481,495,510,509,261,414,368,92,312,-32,774,1690,1065,509,373,481,313,276,466,310,428,296,-16,80,533,-477


482,482,510,510,252,412,369,284,104,-52,-157,3241,3012,510,381,478,272,280,457,309,540,164,176,1371,494,-2580


483,473,510,510,252,413,369,148,-128,312,-704,2090,915,511,397,479,352,239,490,324,-40,140,104,1154,-219,-607


484,468,510,509,255,414,368,316,212,196,-1072,1329,2074,512,410,483,383,240,493,326,52,-52,-16,4994,-957,-3163


485,452,510,510,248,410,370,212,0,280,797,2437,3172,513,431,484,319,261,488,329,260,-80,164,-643,2567,-2849


486,440,510,511,244,408,370,936,-144,16,1367,-78,2380,514,463,479,342,234,493,326,228,24,24,989,1554,-2604


487,432,510,509,243,396,370,64,32,68,3480,2380,2969,515,457,482,462,213,500,329,416,-76,-144,3860,-488,-1058


488,427,510,509,239,403,371,696,576,-60,-2938,3700,3931,516,448,482,410,244,493,329,220,-8,44,-1414,1867,-3229


489,402,510,509,243,405,371,216,20,-148,2020,681,2751,517,449,478,403,227,495,328,168,12,-164,3209,534,-1082


490,449,510,507,237,410,371,144,-124,416,3101,1148,2563,518,433,478,343,228,491,334,228,-148,-140,4028,327,1170


491,476,510,509,236,412,371,156,132,144,21,295,623,519,404,467,309,213,489,327,184,-40,44,2666,530,-760


492,502,510,509,244,412,370,488,8,36,-424,-1667,-3926,520,391,461,299,196,492,344,72,-72,100,3674,-1520,3745


493,510,510,510,252,419,369,228,100,-40,-2559,-5913,-9063,521,387,459,374,183,489,378,292,-92,-80,-3022,-1012,3968


494,510,510,509,254,418,368,32,-56,-52,-5796,-8974,-10360,522,384,459,455,190,488,378,416,-16,-60,-8811,-1850,6789


495,505,510,510,259,416,369,104,-92,160,-7243,-7831,-9526,523,374,469,486,208,475,509,208,-96,-228,-8959,534,9145


496,465,510,510,283,421,368,-280,272,68,-376,-1262,-5550,524,357,460,428,241,457,386,236,212,-124,-3759,1072,6288


497,501,511,507,277,424,368,-644,-196,-804,6258,-4475,-3801,525,352,474,415,203,471,481,328,92,-232,-3105,764,3097


498,509,510,497,277,421,368,264,-972,-288,-4678,1376,2488,526,358,484,340,254,455,507,-976,4,-44,-3423,2508,3573


499,503,510,509,284,421,367,424,-28,-8,200,-5437,-3040,527,356,486,478,214,472,510,264,-100,204,-2006,1124,1969


500,509,510,508,278,416,367,996,12,312,-4456,-2382,1533,528,352,485,377,261,444,351,496,-48,-16,-1132,993,1286


501,510,510,502,269,417,368,332,124,-488,-2799,-4174,668,529,355,487,345,251,465,439,12,-144,-172,-3204,2241,2644


502,510,510,501,270,420,369,-304,36,488,-2914,-1027,585,530,353,492,390,277,458,464,656,-104,-120,-6495,4803,5095


503,509,511,500,268,420,369,644,108,716,-2504,142,480,531,347,480,425,333,436,311,68,308,-164,-5275,3709,2648


504,508,510,501,269,417,369,432,-136,620,-1361,-1806,-582,532,350,482,468,255,465,327,876,68,120,890,23,835


505,504,511,501,268,417,370,276,80,260,-4066,-289,1795,533,347,477,342,333,400,305,672,-16,-540,-511,610,-1606


506,499,510,507,268,419,370,356,-8,-868,-71,-1647,-1676,534,348,485,476,227,481,325,80,48,-356,2094,-1520,-307


507,504,510,506,269,419,369,-144,324,284,-765,1138,1552,535,343,486,466,283,440,423,380,-292,208,-577,1222,50


508,500,510,506,267,417,370,180,-48,376,-2092,3055,3412,536,342,480,450,311,416,310,120,-148,-232,-4190,3582,107


509,494,510,506,262,418,371,260,-44,128,801,2211,1341,537,341,475,465,296,442,303,248,68,16,-1194,2020,-1282


510,494,510,509,265,418,370,340,-44,52,757,1190,389,538,342,473,435,299,443,301,296,28,-16,1805,198,-2258


511,486,510,511,269,418,370,244,96,212,335,1446,-31,539,344,476,439,288,447,304,100,24,-96,1836,-363,-1202


512,482,510,510,271,420,370,268,-8,264,-350,451,701,540,343,474,445,329,419,306,200,76,152,487,547,-1287


513,475,510,511,269,418,370,176,92,132,317,580,519,541,343,473,482,312,455,304,320,16,-60,553,253,-129


514,477,510,511,271,415,370,280,72,-180,1484,541,202,542,353,477,453,306,464,306,228,-32,-64,98,41,137


515,480,510,510,268,411,370,12,12,68,-358,188,458,543,367,481,411,307,471,308,224,0,-88,93,76,347


516,473,510,500,266,410,370,312,16,200,-573,824,681,544,410,489,446,271,493,317,228,-60,-28,96,487,562


