91.5,462.92857142857144,510.0,486.78571428571428,328.0,429.64285714285717,436.0,243.14285714285714,65.714285714285708,94.857142857142861,-44.5,-117.92857142857143,-302.0,142.5,445.14285714285717,469.28571428571428,458.21428571428572,234.21428571428572,469.42857142857144,333.5,225.14285714285714,-3.4285714285714284,-80.285714285714292,91.071428571428569,-10.428571428571429,307.92857142857144,0.0
98.0,465.0,510.0,489.0,329.0,431.0,436.0,252.0,76.0,116.0,100.0,-87.0,-266.0,149.0,447.0,471.0,467.0,239.0,471.0,336.0,228.0,0.0,-68.0,103.0,7.0,341.0,0.0
85.0,461.0,510.0,483.0,326.0,429.0,436.0,216.0,44.0,88.0,-253.0,-159.0,-367.0,136.0,443.0,467.0,446.0,230.0,467.0,331.0,212.0,-8.0,-96.0,78.0,-36.0,287.0,0.0
4.0311288741492746,1.2797480619406369,0.0,2.0763488362498048,1.0,0.71784825865149215,0.0,8.5761891541735089,7.0450445748216897,9.3721254096324138,102.06982903875171,21.281998716938105,30.16147021804948,4.0311288741492746,1.4069796859708719,1.1605769149479945,6.5919709975585485,2.6234810960295656,1.1780301787479031,1.546886273407694,4.3892261416392042,2.9692299558323607,6.6700671599592862,6.9843118662397918,13.911528034148439,17.069037489452256,0.0
164.5,466.57142857142856,510.0,484.64285714285717,326.57142857142856,429.21428571428572,435.64285714285717,243.42857142857142,67.428571428571431,92.571428571428569,9.8571428571428577,-106.85714285714286,-313.0,215.5,444.42857142857144,467.42857142857144,452.42857142857144,239.14285714285714,468.57142857142856,332.78571428571428,225.14285714285714,-4.0,-80.285714285714292,98.5,-12.642857142857142,315.28571428571428,1.0
171.0,468.0,510.0,487.0,330.0,430.0,436.0,248.0,72.0,96.0,33.0,-67.0,-265.0,222.0,445.0,468.0,458.0,241.0,470.0,334.0,228.0,0.0,-76.0,118.0,51.0,359.0,1.0
158.0,466.0,510.0,482.0,319.0,429.0,435.0,240.0,64.0,88.0,-15.0,-138.0,-345.0,209.0,444.0,466.0,448.0,236.0,467.0,332.0,220.0,-8.0,-88.0,79.0,-52.0,258.0,1.0
4.0311288741492746,0.62269984907723896,0.0,1.7157731642091876,3.3319725113401719,0.41032590332414487,0.4791574237499549,2.5555062599997593,2.5555062599997593,2.5555062599997593,13.42629159978469,18.821936832389195,21.791217103620966,4.0311288741492746,0.49487165930539345,0.72843135908468359,2.6649654437396615,1.8070158058105024,0.90350790290525118,0.55787497685047527,2.3560603574958057,2.6186146828319083,3.8438925848782035,10.259142264341596,29.143995075822943,28.423904857477599,1.0
193.5,464.14285714285717,510.0,484.57142857142856,332.5,437.71428571428572,440.07142857142856,244.28571428571428,66.0,94.0,-11.642857142857142,-75.714285714285708,-284.5,244.5,437.35714285714283,454.64285714285717,477.85714285714283,225.14285714285714,479.57142857142856,330.28571428571428,227.14285714285714,-4.8571428571428568,-78.857142857142861,81.714285714285708,33.785714285714285,273.5,2.0
200.0,467.0,510.0,488.0,335.0,442.0,441.0,248.0,72.0,112.0,43.0,50.0,-171.0,251.0,441.0,461.0,485.0,230.0,480.0,343.0,244.0,4.0,-68.0,193.0,233.0,572.0,2.0
187.0,461.0,510.0,481.0,330.0,433.0,440.0,240.0,60.0,84.0,-108.0,-166.0,-362.0,238.0,435.0,449.0,468.0,219.0,478.0,327.0,224.0,-16.0,-92.0,0.0,-208.0,48.0,2.0
4.0311288741492746,1.9219462924391015,0.0,2.5274008589934476,1.2955969390869324,2.3430313524081039,0.25753937681885647,2.3733211036908783,4.4721359549995796,6.5465367070797713,40.409700290289464,56.719143368793894,58.496336881649505,4.0311288741492746,1.949620580565169,4.0639028190212638,4.5803484405375414,3.1815796359028692,0.72843135908468359,4.6817056023354109,5.2760529464626824,6.0810847582265044,5.9384599116647214,51.622847338624581,126.76535047729979,142.42228457252446,2.0
237.5,480.28571428571428,510.0,507.85714285714283,330.21428571428572,425.64285714285717,455.71428571428572,252.28571428571428,49.428571428571431,93.428571428571431,719.92857142857144,22.5,-48.857142857142854,288.5,417.85714285714283,461.71428571428572,405.21428571428572,231.78571428571428,457.85714285714283,391.28571428571428,200.28571428571428,34.0,-92.0,305.28571428571428,-162.5,-2.1428571428571428,3.0
244.0,509.0,510.0,510.0,341.0,431.0,459.0,340.0,216.0,196.0,4485.0,616.0,426.0,295.0,445.0,474.0,501.0,265.0,494.0,514.0,400.0,120.0,8.0,1536.0,551.0,722.0,3.0
231.0,431.0,510.0,496.0,293.0,422.0,454.0,140.0,-52.0,-60.0,-464.0,-720.0,-626.0,282.0,398.0,455.0,326.0,171.0,426.0,337.0,-136.0,-16.0,-200.0,-166.0,-1294.0,-1031.0,3.0
4.0311288741492746,30.183790757454503,0.0,4.1032590332414474,12.456659558121462,3.1533914363777309,1.5319721849662298,46.976329254254026,72.199836056120049,72.136491939848,1634.3999975651052,419.77898096158037,322.40100521441508,4.0311288741492746,17.049747140383648,5.4697684911647553,62.091152545993182,31.225398479508339,24.587619250512308,72.058932797525998,116.9953775469225,33.763886032268267,65.395500063623857,530.49995672161253,464.92699119631368,485.76917757053195,3.0
266.5,475.21428571428572,510.0,506.64285714285717,302.35714285714283,429.5,452.21428571428572,216.85714285714286,60.571428571428569,92.857142857142861,290.28571428571428,91.0,-285.92857142857144,317.5,405.71428571428572,447.35714285714283,484.64285714285717,289.78571428571428,453.0,319.21428571428572,214.57142857142858,7.1428571428571432,-97.714285714285708,151.14285714285714,-62.0,216.35714285714286,4.0
273.0,508.0,510.0,511.0,336.0,435.0,460.0,316.0,280.0,264.0,1922.0,1811.0,1182.0,324.0,438.0,475.0,504.0,381.0,489.0,345.0,284.0,140.0,96.0,1895.0,447.0,1387.0,4.0
260.0,445.0,510.0,499.0,267.0,420.0,443.0,-8.0,-68.0,-44.0,-641.0,-2149.0,-1653.0,311.0,384.0,427.0,429.0,219.0,414.0,283.0,152.0,-120.0,-340.0,-366.0,-1912.0,-747.0,4.0
4.0311288741492746,21.444874750420542,0.0,4.5920294744129793,24.126473731025794,4.5316348358748284,6.773673527800443,91.815698270936167,76.148083444331661,73.355160635341349,761.34781131616739,944.96530548556575,715.24855462836081,4.0311288741492746,17.457820889334428,15.741696871943736,23.389885307411781,56.261098678303433,23.904572186687872,22.142972349930709,40.837157949442997,79.155233689302975,100.14520070622353,630.10575723930856,589.46137641554958,475.90689472729809,4.0
310.5,466.14285714285717,510.0,508.71428571428572,268.5,424.35714285714283,457.0,243.14285714285714,67.142857142857139,80.285714285714292,270.21428571428572,134.78571428571428,-13.428571428571429,361.5,408.5,438.85714285714283,479.42857142857144,268.42857142857144,475.57142857142856,339.85714285714283,262.85714285714283,-4.0,-101.14285714285714,110.35714285714286,203.0,289.71428571428572,5.0
317.0,485.0,510.0,510.0,272.0,429.0,458.0,480.0,192.0,144.0,1135.0,303.0,229.0,368.0,428.0,447.0,505.0,285.0,484.0,351.0,636.0,244.0,68.0,608.0,884.0,692.0,5.0
304.0,450.0,510.0,507.0,265.0,421.0,456.0,88.0,-48.0,-20.0,-131.0,-269.0,-513.0,355.0,387.0,430.0,408.0,235.0,467.0,334.0,-48.0,-116.0,-200.0,-337.0,-231.0,-407.0,5.0
4.0311288741492746,12.682142354266395,0.0,1.2777531299998799,2.1297216451250818,2.0215673854407012,0.65465367070797709,88.46860390868062,58.185488056801269,43.594607417871849,350.96828887510384,168.2329076741224,221.42258056411828,4.0311288741492746,13.978299508268419,4.5647272310487015,31.365846497912539,16.935652527452618,5.576920370269467,6.3342283649701034,176.53443902894784,96.74709297958259,78.419073065219038,327.60594952360879,318.92094855711724,306.44165806221315,5.0
354.0,467.06666666666666,510.0,505.73333333333335,261.26666666666665,420.13333333333333,451.86666666666667,234.13333333333333,58.666666666666664,106.40000000000001,298.93333333333334,58.0,-87.0,405.0,417.86666666666667,448.93333333333334,476.80000000000001,271.06666666666666,472.19999999999999,332.66666666666669,236.80000000000001,57.06666666666667,-77.066666666666663,497.26666666666665,59.399999999999999,98.333333333333329,6.0
361.0,490.0,510.0,510.0,271.0,424.0,453.0,348.0,252.0,224.0,1061.0,453.0,492.0,412.0,430.0,454.0,496.0,306.0,484.0,340.0,332.0,304.0,84.0,1102.0,527.0,426.0,6.0
347.0,457.0,510.0,496.0,257.0,417.0,451.0,64.0,-48.0,-68.0,-215.0,-311.0,-386.0,398.0,411.0,441.0,453.0,237.0,460.0,329.0,108.0,-48.0,-168.0,-384.0,-809.0,-226.0,6.0
4.3204937989385739,10.414519778761871,0.0,3.940671121635106,4.5528989543903666,1.8571184369578824,0.71802197428460057,86.012298862171775,65.656344366371442,73.869073366328337,375.22783597287781,211.65790008092461,244.71697938639241,4.3204937989385739,5.5721529850578309,3.8378234572331338,14.000952348560675,23.755607525148434,7.0635213125843492,3.3399933466334262,65.72995258378532,101.11344563849502,67.732283456430309,401.49993219869361,376.7596581376514,199.81513678620266,6.0
398.0,490.39999999999998,510.0,503.93333333333334,262.86666666666667,426.66666666666669,446.86666666666667,265.86666666666667,76.533333333333331,114.40000000000001,-1239.0,-1751.4666666666667,-1455.0,449.0,409.66666666666669,429.66666666666669,448.19999999999999,227.26666666666668,469.06666666666666,342.80000000000001,225.06666666666666,38.93333333333333,-66.666666666666671,-1525.3333333333333,-80.733333333333334,1543.6666666666667,7.0
405.0,505.0,510.0,510.0,270.0,434.0,448.0,452.0,324.0,248.0,2193.0,2038.0,-423.0,456.0,425.0,443.0,501.0,264.0,482.0,356.0,404.0,288.0,164.0,-751.0,700.0,3587.0,7.0
391.0,483.0,510.0,492.0,252.0,421.0,446.0,32.0,-152.0,-76.0,-3395.0,-4746.0,-2792.0,442.0,397.0,420.0,354.0,204.0,452.0,336.0,60.0,-92.0,-276.0,-2724.0,-1210.0,-128.0,7.0
4.3204937989385739,6.4373907757724318,0.0,5.7904135334955917,6.0648348882902168,4.1739935579996077,0.88443327742810662,135.10187102907034,109.84465798976701,74.744721106800128,1588.4483414116221,1678.7051306157243,710.36300579351678,4.3204937989385739,9.5125647902597166,7.3272702208181784,39.197278817115176,15.342605891945329,9.787520398729983,5.9688078094931711,102.4131935944887,90.59762076836725,105.99790354320956,565.48712530780824,537.36622728100633,1096.2407075496187,7.0
412.5,478.92857142857144,510.0,507.0,268.57142857142856,425.71428571428572,446.14285714285717,174.28571428571428,47.714285714285715,109.71428571428571,-620.07142857142856,139.21428571428572,60.928571428571431,463.5,404.5,430.35714285714283,445.21428571428572,240.57142857142858,467.92857142857144,347.35714285714283,245.42857142857142,44.0,-93.428571428571431,-54.428571428571431,371.57142857142856,112.21428571428571,8.0
419.0,488.0,510.0,509.0,281.0,431.0,451.0,344.0,240.0,228.0,1606.0,1755.0,909.0,470.0,417.0,448.0,501.0,301.0,488.0,377.0,404.0,220.0,144.0,2556.0,1653.0,2277.0,8.0
406.0,469.0,510.0,503.0,254.0,423.0,444.0,-52.0,-72.0,0.0,-3336.0,-1103.0,-1860.0,457.0,389.0,417.0,332.0,185.0,433.0,324.0,88.0,-128.0,-196.0,-2573.0,-1091.0,-1527.0,8.0
4.0311288741492746,5.4571615556897308,0.0,1.927248223318863,8.8456146173786951,2.2177392423228603,2.641891715558133,104.42456509805712,100.5296179323917,69.622890910788186,1212.0268422467097,815.02315292015999,704.83569152024097,4.0311288741492746,9.7596106479715683,10.68113920393689,54.008172095167453,34.204666109662135,17.400592295806998,17.010950854658063,101.01889093892594,93.013055919201847,93.437308459977046,1598.408034544984,955.30262327747027,1112.3160636753405,8.0
471.0,461.73333333333335,510.0,506.46666666666664,252.73333333333332,429.80000000000001,464.13333333333333,297.60000000000002,38.93333333333333,26.399999999999999,-34.266666666666666,-1232.8,-1088.5333333333333,522.0,394.06666666666666,463.19999999999999,451.86666666666667,256.93333333333334,467.86666666666667,429.86666666666667,223.19999999999999,-32.799999999999997,-80.0,-114.73333333333333,-389.53333333333336,1489.4000000000001,9.0
478.0,504.0,510.0,509.0,278.0,443.0,469.0,772.0,220.0,236.0,2070.0,1247.0,1527.0,529.0,424.0,482.0,504.0,293.0,486.0,516.0,400.0,164.0,0.0,1263.0,952.0,4832.0,9.0
464.0,404.0,510.0,503.0,234.0,422.0,458.0,-20.0,-224.0,-360.0,-2240.0,-3909.0,-3155.0,515.0,367.0,450.0,361.0,225.0,443.0,356.0,76.0,-180.0,-228.0,-2334.0,-2566.0,-731.0,9.0
4.3204937989385739,33.064516059096078,0.0,2.093375795747678,13.630684339223601,7.1944422994419792,3.8620662287893976,198.27953331933514,112.45115482831746,147.08401227416482,1465.7197761585337,1788.2234461423811,1454.5539919698942,4.3204937989385739,18.473284012925863,11.178550889985699,48.110798048763321,19.709445000360162,14.691796652856617,61.450106229001385,85.369159146224064,95.891049286851228,61.344926440578604,1146.3037681561066,840.58082035908683,1693.6565098429294,9.0
500.0,443.33333333333331,510.0,506.0,247.86666666666667,429.86666666666667,454.13333333333333,199.46666666666667,161.59999999999999,52.266666666666666,-11.266666666666667,-1974.5999999999999,-1506.4666666666667,551.0,407.39999999999998,473.53333333333336,432.26666666666665,247.33333333333334,477.66666666666669,379.60000000000002,354.13333333333333,23.199999999999999,23.466666666666665,181.26666666666668,-712.0,2030.8,10.0
507.0,489.0,510.0,509.0,256.0,446.0,456.0,568.0,1248.0,484.0,2451.0,3094.0,3621.0,558.0,461.0,480.0,481.0,280.0,494.0,504.0,988.0,616.0,1068.0,2617.0,745.0,6532.0,10.0
493.0,373.0,510.0,499.0,237.0,417.0,452.0,-640.0,-608.0,-224.0,-4219.0,-4232.0,-4553.0,544.0,373.0,463.0,354.0,218.0,453.0,346.0,-12.0,-384.0,-284.0,-2205.0,-4074.0,-78.0,10.0
4.3204937989385739,46.579919374005883,0.0,2.70801280154532,4.8147920227380769,10.556935582302701,1.024152766382481,278.39872285786237,431.06268685656386,167.0861919954954,1961.0624150076296,1879.3425729937228,2188.66525129409,4.3204937989385739,31.756993980329227,4.8147920227380769,42.638740861125605,19.92541648804918,13.479202086506787,45.771606919574062,264.34267322717477,255.67562783078614,345.23149077426615,1363.5679895854926,1178.5002899165249,1672.9517705739954,10.0
546.0,349.80000000000001,510.06666666666666,508.80000000000001,242.0,416.46666666666664,445.26666666666665,48.799999999999997,124.8,-233.59999999999999,1362.6666666666667,16.333333333333332,1793.8,599.0,456.53333333333336,481.13333333333333,314.0,270.13333333333333,492.06666666666666,363.0,212.80000000000001,-78.13333333333334,22.933333333333334,712.20000000000005,1535.0666666666666,193.93333333333334,11.0
553.0,358.0,511.0,510.0,253.0,424.0,447.0,1016.0,920.0,904.0,6103.0,4571.0,5527.0,606.0,463.0,485.0,365.0,296.0,496.0,414.0,880.0,296.0,352.0,8435.0,6357.0,4174.0,11.0
539.0,341.0,510.0,508.0,233.0,409.0,444.0,-664.0,-336.0,-1740.0,-1560.0,-7428.0,-1250.0,592.0,450.0,478.0,263.0,255.0,486.0,337.0,-480.0,-1148.0,-340.0,-6760.0,-827.0,-4987.0,11.0
4.3204937989385739,4.982636517614611,0.24944382578492941,0.65319726474218087,4.9261208538429777,4.5441048501205268,0.77172246018601498,401.12162743985766,393.4129636908271,722.76181415456642,1906.880442561154,2477.2946175661505,1806.377634936837,4.3204937989385739,3.422799374131583,2.2171052197754517,27.770487932335651,10.320637361885918,3.2345358588555202,25.025320510768022,277.93217398015173,329.89005575932248,168.31378104269683,4448.7060470808065,1984.6565602698674,2282.4957529472472,11.0
575.0,488.80000000000001,510.0,506.66666666666669,269.39999999999998,439.60000000000002,442.46666666666664,172.26666666666668,45.333333333333336,-26.933333333333334,-2029.0,-3088.5333333333333,-2077.2666666666669,628.0,359.13333333333333,471.0,295.53333333333336,301.13333333333333,460.0,388.60000000000002,258.39999999999998,6.666666666666667,-77.86666666666666,-2731.9333333333334,-573.13333333333333,2962.6666666666665,12.0
582.0,502.0,510.0,509.0,295.0,445.0,444.0,1048.0,916.0,1200.0,2725.0,971.0,780.0,635.0,383.0,479.0,427.0,338.0,484.0,488.0,1476.0,952.0,404.0,51.0,2355.0,8405.0,12.0
568.0,471.0,510.0,503.0,250.0,432.0,441.0,-1020.0,-400.0,-1004.0,-9432.0,-6914.0,-6476.0,621.0,343.0,458.0,161.0,260.0,404.0,311.0,-208.0,-404.0,-752.0,-9475.0,-4199.0,-981.0,12.0
4.3204937989385739,11.320777358467925,0.0,2.270584848790187,13.676256797823008,3.2619012860600178,1.2578641509408806,569.67352833784446,314.08760278339895,581.05461208239478,2551.7195509433764,2433.8336800657153,2160.1414603883909,4.3204937989385739,12.815962269329949,6.8507907086214015,85.02694997600598,19.30066204966958,20.307634032550418,46.088031707447286,513.34988717897522,318.91036706608054,294.14143234543178,2483.5406839608827,1674.571780751392,2821.2292750186439,12.0
665.0,414.80000000000001,510.0,505.39999999999998,244.06666666666666,427.80000000000001,441.53333333333336,262.93333333333334,-58.666666666666664,55.733333333333334,-668.26666666666665,-2159.4666666666667,-1897.4666666666667,719.0,390.19999999999999,481.0,447.86666666666667,264.66666666666669,476.13333333333333,341.86666666666667,186.40000000000001,140.0,-77.86666666666666,-607.06666666666672,-519.33333333333337,1591.0666666666666,13.0
672.0,470.0,510.0,509.0,256.0,449.0,444.0,648.0,836.0,1364.0,2967.0,904.0,1511.0,726.0,436.0,489.0,482.0,296.0,493.0,417.0,2040.0,1412.0,200.0,4193.0,1438.0,4398.0,13.0
658.0,331.0,510.0,499.0,230.0,409.0,439.0,-76.0,-1688.0,-708.0,-7752.0,-4774.0,-4533.0,712.0,344.0,464.0,370.0,235.0,429.0,322.0,-396.0,-336.0,-396.0,-6312.0,-3738.0,-844.0,13.0
4.3204937989385739,51.165352860439981,0.0,3.4215006454283574,8.0702471392695827,14.171332564958975,1.3097921802925667,202.967145671959,546.98527300914498,526.52615847226014,2558.1575783277221,1754.4966558975127,1504.355758751529,4.3204937989385739,35.06413172079602,7.5188651625982317,32.215662167475138,16.603881741595515,17.339229766309948,21.595884381571924,541.79120209418932,391.24007974643905,152.68523904497849,2706.38399509177,1327.6377852746166,1440.2169959959351,13.0
694.0,410.33333333333331,510.0,509.19999999999999,242.59999999999999,437.13333333333333,444.0,297.06666666666666,27.733333333333334,186.93333333333334,742.93333333333328,1494.8,2053.7333333333331,748.0,414.33333333333331,480.53333333333336,400.19999999999999,266.0,480.86666666666667,347.19999999999999,353.06666666666666,94.13333333333334,-231.19999999999999,516.4666666666667,2069.2666666666669,-1087.7333333333333,14.0
701.0,461.0,510.0,510.0,252.0,443.0,448.0,980.0,504.0,1396.0,7101.0,5910.0,6212.0,755.0,471.0,488.0,473.0,299.0,493.0,443.0,928.0,696.0,72.0,4298.0,5403.0,970.0,14.0
687.0,354.0,510.0,508.0,231.0,427.0,440.0,-304.0,-560.0,-540.0,-5137.0,-1502.0,-975.0,741.0,368.0,471.0,291.0,235.0,459.0,328.0,-64.0,-216.0,-1684.0,-3435.0,-421.0,-4433.0,14.0
4.3204937989385739,41.272535931563766,0.0,0.54160256030906406,6.3224467837486253,5.2391687211702669,2.5819888974716112,370.33020700750598,285.66634772444274,479.43848637987151,2921.6537660867498,1715.2435861999311,2053.0173717942303,4.3204937989385739,34.74030640177039,4.9243160833651709,59.053873708673848,16.761065996330107,11.371699765450879,26.505848411246902,288.87447485408302,262.78454207878281,423.61794107426567,1640.0209294057465,1692.2751733161551,1446.1418771645087,14.0
